WINNER CURSE variants=30 paired_cells_per_panel=72
variant screen_gained screen_lost screen_moves_saved fresh_gained fresh_lost fresh_moves_saved screen_pct fresh_pct fresh_minus_screen_pct
wRoll-0.75 0 1 -1.014085 0 2 -1.057143 -7.072692 -7.407407 -0.334716
wRoll-0.3 0 0 -0.305556 0 1 -0.239437 -2.111324 -1.669941 0.441383
wRoll+0.3 0 0 -0.194444 0 0 -0.388889 -1.343570 -2.694899 -1.351329
wRoll+0.75 0 1 -1.183099 0 2 -0.600000 -8.251473 -4.204204 4.047269
wRoll+1.5 0 6 -1.257576 0 2 -0.971429 -8.963283 -6.786427 2.176856
wPlace-0.75 0 0 0.069444 0 0 -0.083333 0.479846 -0.577478 -1.057325
wPlace-0.3 0 0 0.013889 0 0 -0.097222 0.095969 -0.673725 -0.769694
wPlace+0.3 0 0 -0.013889 0 0 0.277778 -0.095969 1.924928 2.020897
wPlace+0.75 0 0 0.000000 0 0 0.152778 0.000000 1.058710 1.058710
wPlace+1.5 0 0 0.069444 0 0 -0.180556 0.479846 -1.251203 -1.731050
turnover-30 0 0 -0.152778 0 0 0.069444 -1.055662 0.481232 1.536894
turnover-15 0 0 0.138889 0 1 0.070423 0.959693 0.493097 -0.466596
turnover+15 0 0 0.041667 0 1 0.042254 0.287908 0.292398 0.004490
turnover+30 0 0 -0.013889 0 0 0.291667 -0.095969 2.021174 2.117143
turnover+60 0 0 -0.250000 0 0 0.208333 -1.727447 1.443696 3.171143
bombMax-3 0 0 -0.027778 0 0 -0.027778 -0.191939 -0.192493 -0.000554
bombMax-2 0 1 -0.197183 0 0 -0.013889 -1.367187 -0.096246 1.270941
bombMax-1 0 0 0.236111 0 0 0.458333 1.631478 3.176131 1.544653
bombMax+1 0 1 0.140845 0 0 0.125000 0.982318 0.866218 -0.116101
bombMax+2 0 0 0.083333 0 0 0.333333 0.575816 2.309913 1.734098
wHarvest-1.5 0 2 -0.242857 0 1 -0.239437 -1.713710 -1.676529 0.037181
wHarvest-0.75 0 0 -0.013889 0 1 -0.112676 -0.095969 -0.788955 -0.692985
wHarvest-0.25 0 0 0.000000 0 0 0.152778 0.000000 1.058710 1.058710
wHarvest+0.5 0 0 0.250000 0 0 0.208333 1.727447 1.443696 -0.283751
wHarvest+1.5 0 0 0.444444 0 0 0.250000 3.071017 1.732435 -1.338582
pathWidth-4 0 0 0.152778 0 0 -0.083333 1.055662 -0.577478 -1.633141
pathWidth-2 0 0 0.583333 0 0 0.000000 4.030710 0.000000 -4.030710
pathWidth-1 0 0 0.069444 0 0 0.180556 0.479846 1.251203 0.771357
pathWidth+1 0 0 0.125000 0 1 0.112676 0.863724 0.785855 -0.077869
pathWidth+2 0 0 0.194444 0 0 -0.152778 1.343570 -1.058710 -2.402280
WINNER CURSE mean_fresh_minus_screen_pct=0.223501
